load1 (1 25 43 7 2)
load2 (4 31 33 6 13)
load3 (7 22 35 23 4)
load4 (10 40 2 18 13)
load5 (11 31 37 9 34)
load6 (13 34 46 4 12)
load7 (16 27 20 23 23)
load8 (17 40 54 15 26)
load9 (19 23 69 24 29)
load10 (21 16 17 29 35)
load11 (23 15 64 21 35)
load12 (25 14 5 23 12)
load13 (27 3 52 23 16)
load14 (28 26 6 20 20)
load15 (29 14 6 11 26)
load16 (32 29 19 18 3)
load17 (34 31 17 23 32)
load18 (36 14 52 16 31)
load19 (38 9 16 30 8)
load20 (39 36 28 2 19)
load21 (41 39 47 28 9)
load22 (42 11 5 7 24)
load23 (44 4 24 25 29)
load24 (47 36 67 30 3)
load25 (48 7 23 12 9)
load26 (49 37 43 7 34)
load27 (50 11 15 5 16)
load28 (51 13 43 2 21)
load29 (54 4 59 6 3)
load30 (56 24 11 7 36)
load31 (59 22 62 11 8)
load32 (62 1 35 1 22)
load33 (64 19 56 9 16)
load34 (66 8 32 13 1)
load35 (68 17 58 2 35)
load36 (71 19 37 26 14)
load37 (74 31 44 20 23)
load38 (77 21 43 27 27)
load39 (80 39 47 1 1)
load40 (82 8 48 14 13)
load41 (84 14 27 26 3)
load42 (86 35 35 8 11)
load43 (88 2 6 26 36)
load44 (90 21 9 9 22)
load45 (91 25 40 25 20)
load46 (93 33 54 19 8)
load47 (95 24 6 29 39)
load48 (98 37 43 15 11)
load49 (101 22 35 2 22)
load50 (103 22 66 24 3)
load51 (105 39 22 6 10)
load52 (106 24 34 9 32)
load53 (107 35 63 21 28)
load54 (110 1 21 13 31)
load55 (112 21 29 5 10)
load56 (113 25 48 7 20)
load57 (114 16 57 3 11)
load58 (117 9 17 27 25)
load59 (118 6 38 6 33)
load60 (120 11 68 22 40)
load61 (122 7 56 21 13)
load62 (123 31 47 24 30)
load63 (124 10 9 4 6)
load64 (127 9 55 28 35)
load65 (130 23 58 24 24)
load66 (133 29 31 8 35)
load67 (135 7 30 8 16)
load68 (138 9 1 19 22)
load69 (141 3 26 22 30)
load70 (143 21 25 20 23)
load71 (144 23 64 14 11)
load72 (146 6 5 2 5)
load73 (147 9 16 16 38)
load74 (148 5 28 10 36)
load75 (151 25 9 22 15)
load76 (153 34 10 20 18)
load77 (155 17 6 30 19)
load78 (158 8 34 1 3)
load79 (159 31 39 19 26)
load80 (161 25 25 10 36)
load81 (162 11 30 11 11)
load82 (164 30 43 5 3)
load83 (167 6 5 6 15)
load84 (168 23 25 24 13)
load85 (169 5 36 10 26)
load86 (171 27 65 19 36)
load87 (173 39 10 11 10)
load88 (174 17 61 11 9)
load89 (176 2 32 30 38)
load90 (178 36 59 8 7)
load91 (180 20 28 30 2)
load92 (182 2 56 16 5)
load93 (183 16 28 12 5)
load94 (186 15 3 4 5)
load95 (188 13 2 29 7)
load96 (189 31 2 26 32)
load97 (190 22 19 15 37)
load98 (193 21 60 2 25)
load99 (196 1 47 16 1)
load100 (197 29 23 25 11)
load101 (198 38 28 23 6)
load102 (199 20 40 27 12)
load103 (200 22 55 8 28)
load104 (203 39 31 17 2)
load105 (205 13 5 20 21)
load106 (208 29 68 27 4)
load107 (211 19 59 17 6)
load108 (214 10 34 12 34)
load109 (217 12 5 29 10)
load110 (219 18 32 16 23)
load111 (221 13 68 9 11)
load112 (224 7 12 13 10)
load113 (227 24 18 26 11)
load114 (228 21 9 26 8)
load115 (231 32 3 22 32)
load116 (232 31 7 9 20)
load117 (233 29 70 25 25)
load118 (234 17 41 27 27)
load119 (235 17 20 10 23)
load120 (238 24 17 14 22)
load121 (239 40 65 22 25)
load122 (241 13 54 17 19)
load123 (244 24 22 29 12)
load124 (245 10 17 5 12)
load125 (246 24 6 17 13)
load126 (248 23 38 10 21)
load127 (250 3 53 26 22)
load128 (253 23 47 7 8)
load129 (255 6 16 16 26)
load130 (256 3 52 23 12)
load131 (258 10 21 12 35)
load132 (261 39 27 23 19)
load133 (264 17 18 2 6)
load134 (266 39 8 18 21)
load135 (268 36 47 6 9)
load136 (270 18 37 21 14)
load137 (271 1 2 28 34)
load138 (274 4 66 15 35)
load139 (277 40 63 30 7)
load140 (278 15 16 10 28)
load141 (279 21 33 18 22)
load142 (281 5 3 6 37)
load143 (283 27 47 15 14)
load144 (286 23 70 21 32)
load145 (288 26 32 14 25)
load146 (291 3 38 8 3)
load147 (292 15 5 7 23)
load148 (295 21 11 30 26)
load149 (296 7 28 2 23)
load150 (298 5 13 6 14)
load151 (300 24 17 23 4)
load152 (303 15 22 1 28)
load153 (306 39 29 23 8)
load154 (309 17 55 2 3)
load155 (312 27 23 1 4)
load156 (314 27 31 24 27)
load157 (316 35 22 4 10)
load158 (318 21 12 19 18)
load159 (319 40 13 16 4)
load160 (322 13 64 29 17)
load161 (325 13 23 4 6)
load162 (328 15 2 16 1)
load163 (331 34 57 8 8)
load164 (332 21 58 1 7)
load165 (335 36 11 28 36)
load166 (337 16 21 11 28)
load167 (339 12 9 28 28)
load168 (342 1 29 2 35)
load169 (345 6 23 23 22)
load170 (346 15 14 13 32)
load171 (348 16 50 16 26)
load172 (350 6 59 21 24)
load173 (353 14 47 24 30)
load174 (356 12 70 21 17)
load175 (358 38 7 23 11)
load176 (359 20 14 7 26)
load177 (361 15 57 24 10)
load178 (363 22 69 17 13)
load179 (366 13 43 15 38)
load180 (368 16 5 14 20)
load181 (371 6 9 1 13)
load182 (372 14 19 11 11)
load183 (373 33 47 14 40)
load184 (375 6 43 14 15)
load185 (376 29 26 10 27)
load186 (377 20 33 10 6)
load187 (380 26 69 18 21)
load188 (382 2 32 17 40)
load189 (384 4 5 19 22)
load190 (385 35 7 5 31)
load191 (387 33 8 29 8)
load192 (389 22 10 22 36)
load193 (391 11 65 21 2)
load194 (392 13 67 20 1)
load195 (393 15 60 20 10)
load196 (394 24 63 6 12)
load197 (397 34 2 24 38)
load198 (398 9 26 18 28)
load199 (401 36 47 16 12)
load200 (404 19 69 25 35)
load201 (405 11 7 17 17)
load202 (408 9 15 12 10)
load203 (410 23 36 22 6)
load204 (412 17 10 17 24)
load205 (415 35 9 26 35)
load206 (418 11 6 9 10)
load207 (420 38 5 7 9)
load208 (421 4 4 23 17)
load209 (422 31 65 8 12)
load210 (424 22 20 27 37)
load211 (427 14 34 28 14)
load212 (429 27 39 18 5)
load213 (430 18 13 27 2)
load214 (431 25 53 9 20)
load215 (434 39 33 26 17)
load216 (437 6 20 30 26)
load217 (439 20 30 23 1)
load218 (441 10 65 23 32)
load219 (444 6 37 20 25)
load220 (446 26 14 29 14)
load221 (448 5 38 20 19)
load222 (449 31 26 24 26)
load223 (451 21 52 2 37)
load224 (452 26 35 6 38)
load225 (454 7 49 9 23)
load226 (456 19 64 21 5)
load227 (457 4 9 8 7)
load228 (458 26 39 1 21)
load229 (459 37 56 14 35)
load230 (460 20 22 20 23)
load231 (463 28 59 4 14)
load232 (464 19 39 22 40)
load233 (467 9 37 29 26)
load234 (468 13 64 30 26)
load235 (471 13 48 13 14)
load236 (473 3 37 18 5)
load237 (476 6 18 22 39)
load238 (477 22 62 20 11)
load239 (479 19 27 9 23)
load240 (482 17 37 3 14)
load241 (484 21 52 17 26)
load242 (487 39 58 16 22)
load243 (489 16 52 25 19)
load244 (492 32 46 26 35)
load245 (495 4 40 17 9)
load246 (498 6 50 20 36)
load247 (500 34 64 3 15)
load248 (502 10 57 16 2)
load249 (505 27 44 30 14)
load250 (506 11 48 13 17)
load251 (509 2 29 9 3)
load252 (510 28 59 23 15)
load253 (513 33 7 6 10)
load254 (516 38 64 2 19)
load255 (517 31 36 17 23)
load256 (518 19 50 21 7)
load257 (520 31 26 1 20)
load258 (523 35 22 21 3)
load259 (525 15 21 11 11)
load260 (528 34 60 26 21)
load261 (531 6 68 27 15)
load262 (534 19 61 23 30)
load263 (536 28 39 2 15)
load264 (537 25 58 2 22)
load265 (539 37 10 18 39)
load266 (540 22 50 24 5)
load267 (543 34 29 10 27)
load268 (545 7 24 30 14)
load269 (546 20 34 24 24)
load270 (547 6 66 3 10)
load271 (548 27 55 24 18)
load272 (551 37 12 24 17)
load273 (552 39 35 14 33)
load274 (554 3 47 8 14)
load275 (555 17 55 2 23)
load276 (558 11 23 26 32)
load277 (561 34 66 15 33)
load278 (562 19 42 13 8)
load279 (563 29 9 29 35)
load280 (566 4 8 3 40)
load281 (567 31 60 8 17)
load282 (570 24 60 5 25)
load283 (572 33 68 9 5)
load284 (574 22 25 4 24)
load285 (576 25 42 20 31)
load286 (579 5 48 20 8)
load287 (581 18 69 8 15)
load288 (584 29 17 3 29)
load289 (587 19 48 30 37)
load290 (589 8 63 30 23)
load291 (591 16 26 24 18)
load292 (594 8 40 6 15)
load293 (595 23 24 28 18)
load294 (598 24 55 26 9)
load295 (599 35 41 29 9)
load296 (602 25 68 6 36)
load297 (604 23 26 27 8)
load298 (605 40 59 12 17)
load299 (608 17 30 22 17)
load300 (611 21 43 18 27)
load301 (614 7 47 20 30)
load302 (615 5 2 3 11)
load303 (616 37 1 12 23)
load304 (619 7 27 8 3)
load305 (622 8 56 22 3)
load306 (625 27 61 12 33)
load307 (627 2 59 24 8)
load308 (629 24 13 2 11)
load309 (630 29 41 15 21)
load310 (631 28 43 4 28)
load311 (634 6 56 13 14)
load312 (636 16 53 13 12)
load313 (638 26 39 8 5)
load314 (641 20 44 23 5)
load315 (642 22 28 1 28)
load316 (643 16 24 24 8)
load317 (645 10 54 24 23)
load318 (648 23 12 1 38)
load319 (650 24 10 15 12)
load320 (651 5 40 25 40)
load321 (653 25 54 13 22)
load322 (654 13 18 30 9)
load323 (655 37 13 20 2)
load324 (657 26 8 22 15)
load325 (658 39 11 16 38)
load326 (659 27 27 17 15)
load327 (660 34 31 14 31)
load328 (663 34 8 9 12)
load329 (665 29 27 9 4)
load330 (668 29 58 30 4)
load331 (669 15 13 20 4)
load332 (671 17 1 15 18)
load333 (672 5 44 16 31)
load334 (674 12 52 28 14)
load335 (675 27 14 30 13)
load336 (677 40 64 25 39)
load337 (680 13 9 9 29)
load338 (682 29 11 16 38)
load339 (684 22 37 21 37)
load340 (687 30 31 24 28)
load341 (690 1 33 4 18)
load342 (691 28 25 2 30)
load343 (692 38 70 3 9)
load344 (694 21 39 17 4)
load345 (697 33 45 9 19)
load346 (698 27 62 21 2)
load347 (700 34 67 20 37)
load348 (703 3 4 23 33)
load349 (704 27 1 1 37)
load350 (707 7 4 2 26)
load351 (709 20 66 21 16)
load352 (712 15 59 9 25)
load353 (714 36 40 24 6)
load354 (715 32 32 10 35)
load355 (716 26 11 21 27)
load356 (719 21 44 8 36)
load357 (720 38 23 28 8)
load358 (721 13 18 27 26)
load359 (723 9 27 23 20)
load360 (725 37 67 4 34)
load361 (727 4 11 20 11)
load362 (728 4 27 1 29)
load363 (731 13 9 30 32)
load364 (732 24 1 19 4)
load365 (735 7 5 14 30)
load366 (738 11 26 22 16)
load367 (740 35 34 18 2)
load368 (741 24 35 11 39)
load369 (744 13 23 20 27)
load370 (746 8 53 27 34)
load371 (749 8 59 6 20)
load372 (750 23 18 16 28)
load373 (751 16 58 4 1)
load374 (753 33 50 21 37)
load375 (756 24 37 10 34)
load376 (758 15 25 30 1)
load377 (759 14 53 25 33)
load378 (762 23 10 24 16)
load379 (764 15 33 15 28)
load380 (766 13 55 5 26)
load381 (768 17 25 1 15)
load382 (769 15 17 10 7)
load383 (770 40 65 15 10)
load384 (771 26 48 14 23)
load385 (772 5 41 21 13)
load386 (775 39 12 7 6)
load387 (777 12 25 23 24)
load388 (778 7 25 10 25)
load389 (781 5 69 17 9)
load390 (782 29 26 19 29)
load391 (784 40 54 23 26)
load392 (786 31 50 9 29)
load393 (788 11 59 24 22)
load394 (790 13 29 29 27)
load395 (791 22 27 6 7)
load396 (793 21 24 21 12)
load397 (796 13 47 4 4)
load398 (797 30 65 18 12)
load399 (798 9 63 14 25)
load400 (799 10 67 29 23)
load401 (801 27 43 25 16)
load402 (804 2 39 24 9)
load403 (806 31 17 5 9)
load404 (809 29 12 14 18)
load405 (812 16 46 6 3)
load406 (815 21 1 20 3)
load407 (816 28 13 4 25)
load408 (817 18 1 3 17)
load409 (818 23 48 11 5)
load410 (821 39 53 11 35)
load411 (822 11 1 22 25)
load412 (823 38 27 5 40)
load413 (826 34 48 13 15)
load414 (828 26 68 12 25)
load415 (831 9 27 25 22)
load416 (834 9 24 24 28)
load417 (837 13 70 12 15)
load418 (838 39 55 2 17)
load419 (840 24 54 14 2)
load420 (842 1 25 19 2)
load421 (844 32 19 20 30)
load422 (847 20 19 11 33)
load423 (849 5 41 7 15)
load424 (852 32 18 20 27)
load425 (855 30 20 16 21)
load426 (857 40 20 23 37)
load427 (859 32 33 27 16)
load428 (861 34 46 16 21)
load429 (864 14 29 22 12)
load430 (866 37 40 4 18)
load431 (867 7 33 10 16)
load432 (870 39 20 26 12)
load433 (872 29 45 1 35)
load434 (874 19 25 15 18)
load435 (875 12 9 23 23)
load436 (876 24 62 2 6)
load437 (878 38 54 28 6)
load438 (880 27 28 18 38)
load439 (881 35 41 19 16)
load440 (882 7 53 12 5)
load441 (884 21 2 8 28)
load442 (887 37 22 15 32)
load443 (888 3 61 9 10)
load444 (891 27 5 14 31)
load445 (893 4 18 30 10)
load446 (895 9 26 10 31)
load447 (897 15 31 13 7)
load448 (898 15 70 6 8)
load449 (901 37 57 3 23)
load450 (902 10 70 11 25)
load451 (904 37 58 6 6)
load452 (907 25 16 2 6)
load453 (908 24 29 13 36)
load454 (909 40 43 20 14)
load455 (911 23 19 11 15)
load456 (914 17 35 1 30)
load457 (916 12 60 19 7)
load458 (919 13 32 2 10)
load459 (921 5 36 4 19)
load460 (922 9 37 8 36)
load461 (924 26 14 5 1)
load462 (926 17 3 5 13)
load463 (927 28 43 30 4)
load464 (928 24 16 25 25)
load465 (931 34 65 30 3)
load466 (933 23 45 30 29)
load467 (935 3 28 12 39)
load468 (936 33 18 13 1)
load469 (938 18 62 2 12)
load470 (939 28 36 16 34)
load471 (941 30 1 25 4)
load472 (944 24 47 19 8)
load473 (945 5 16 5 3)
load474 (946 29 21 18 17)
load475 (948 31 56 2 17)
load476 (950 31 39 23 18)
load477 (951 37 25 28 12)
load478 (954 31 8 22 1)
load479 (957 31 47 11 15)
load480 (958 22 26 17 33)
load481 (961 11 32 9 28)
load482 (963 7 34 24 33)
load483 (966 23 11 10 28)
load484 (967 7 28 25 13)
load485 (970 25 1 17 30)
load486 (973 27 70 12 29)
load487 (974 19 54 17 21)
load488 (976 26 10 29 13)
load489 (978 22 42 15 6)
load490 (980 5 17 30 21)
load491 (982 9 34 13 30)
load492 (984 10 43 12 2)
load493 (987 15 52 14 16)
load494 (989 4 46 20 16)
load495 (992 27 51 6 10)
load496 (993 2 67 14 40)
load497 (996 11 34 14 16)
load498 (999 39 22 16 22)
load499 (1002 40 30 9 38)
load500 (1003 23 42 5 9)
